"Folio_num_anon" "Poch" "Freq"
"1" 280 1 12
"2" 280 2 5
"3" 280 3 3
"4" 280 5 4
"5" 280 7 2
"6" 280 9 3
"7" 280 10 3
"8" 687 1 3
"9" 687 2 20
"10" 687 3 2
"11" 687 7 5
"12" 687 8 1
"13" 687 10 1
"14" 645 1 2
"15" 645 2 8
"16" 645 3 1
"17" 645 4 2
"18" 645 6 1
"19" 645 7 8
"20" 645 8 1
"21" 645 9 8
"22" 645 10 1
"23" 48 1 2
"24" 48 2 3
"25" 48 3 1
"26" 48 4 5
"27" 48 5 2
"28" 48 6 5
"29" 48 7 2
"30" 48 9 8
"31" 48 10 4
"32" 405 1 1
"33" 405 2 12
"34" 405 4 3
"35" 405 5 2
"36" 405 6 1
"37" 405 7 1
"38" 405 8 2
"39" 405 9 9
"40" 405 10 1
"41" 618 2 2
"42" 618 3 3
"43" 618 4 18
"44" 618 6 4
"45" 618 7 2
"46" 618 9 3
"47" 964 1 1
"48" 964 2 4
"49" 964 3 11
"50" 964 4 1
"51" 964 5 1
"52" 964 7 2
"53" 964 8 2
"54" 964 9 4
"55" 964 10 6
"56" 861 1 1
"57" 861 2 1
"58" 861 3 1
"59" 861 4 4
"60" 861 5 12
"61" 861 6 9
"62" 861 7 1
"63" 861 8 2
"64" 861 9 1
"65" 411 1 2
"66" 411 2 9
"67" 411 3 2
"68" 411 4 4
"69" 411 5 1
"70" 411 6 1
"71" 411 7 6
"72" 411 9 6
"73" 411 10 1
"74" 362 1 7
"75" 362 2 3
"76" 362 3 2
"77" 362 4 1
"78" 362 5 1
"79" 362 6 2
"80" 362 7 12
"81" 362 9 1
"82" 362 10 3
"83" 422 1 5
"84" 422 2 4
"85" 422 3 2
"86" 422 4 1
"87" 422 5 9
"88" 422 6 3
"89" 422 7 1
"90" 422 8 6
"91" 422 10 1
"92" 925 1 1
"93" 925 2 4
"94" 925 3 3
"95" 925 4 15
"96" 925 7 2
"97" 925 9 6
"98" 925 10 1
"99" 580 1 1
"100" 580 3 2
"101" 580 4 13
"102" 580 5 1
"103" 580 6 3
"104" 580 7 4
"105" 580 8 2
"106" 580 9 4
"107" 580 10 2
"108" 867 1 10
"109" 867 2 7
"110" 867 3 1
"111" 867 4 2
"112" 867 5 1
"113" 867 6 3
"114" 867 7 1
"115" 867 8 1
"116" 867 9 4
"117" 867 10 2
"118" 487 1 5
"119" 487 2 3
"120" 487 3 3
"121" 487 4 14
"122" 487 6 2
"123" 487 7 1
"124" 487 9 2
"125" 487 10 2
"126" 337 2 2
"127" 337 3 1
"128" 337 4 10
"129" 337 5 2
"130" 337 6 6
"131" 337 7 2
"132" 337 9 6
"133" 337 10 3
"134" 223 1 2
"135" 223 2 3
"136" 223 3 3
"137" 223 4 10
"138" 223 5 1
"139" 223 7 7
"140" 223 8 2
"141" 223 9 4
"142" 741 1 4
"143" 741 2 8
"144" 741 3 1
"145" 741 4 1
"146" 741 5 1
"147" 741 6 2
"148" 741 7 7
"149" 741 9 6
"150" 741 10 2
"151" 86 1 1
"152" 86 2 8
"153" 86 3 6
"154" 86 4 2
"155" 86 6 5
"156" 86 7 2
"157" 86 8 1
"158" 86 9 3
"159" 86 10 4
"160" 410 3 2
"161" 410 4 4
"162" 410 5 4
"163" 410 6 13
"164" 410 8 5
"165" 410 9 3
"166" 410 10 1
"167" 828 1 2
"168" 828 3 2
"169" 828 4 22
"170" 828 6 2
"171" 828 8 2
"172" 828 10 2
"173" 167 1 3
"174" 167 2 11
"175" 167 3 3
"176" 167 4 1
"177" 167 5 1
"178" 167 7 9
"179" 167 8 1
"180" 167 9 1
"181" 167 10 2
"182" 812 1 3
"183" 812 2 6
"184" 812 3 4
"185" 812 4 1
"186" 812 5 2
"187" 812 7 6
"188" 812 8 1
"189" 812 9 5
"190" 812 10 4
"191" 720 1 1
"192" 720 2 16
"193" 720 3 1
"194" 720 4 4
"195" 720 5 1
"196" 720 7 4
"197" 720 9 5
"198" 92 1 9
"199" 92 2 5
"200" 92 3 6
"201" 92 4 2
"202" 92 5 2
"203" 92 6 3
"204" 92 7 2
"205" 92 8 1
"206" 92 9 1
"207" 92 10 1
"208" 536 1 3
"209" 536 2 19
"210" 536 3 1
"211" 536 7 2
"212" 536 9 7
"213" 679 1 1
"214" 679 2 22
"215" 679 3 2
"216" 679 5 2
"217" 679 7 2
"218" 679 9 3
"219" 630 1 2
"220" 630 2 2
"221" 630 3 2
"222" 630 5 6
"223" 630 6 5
"224" 630 7 2
"225" 630 8 1
"226" 630 9 6
"227" 630 10 6
"228" 818 1 13
"229" 818 2 4
"230" 818 3 5
"231" 818 4 3
"232" 818 5 1
"233" 818 6 1
"234" 818 7 3
"235" 818 8 2
"236" 889 1 5
"237" 889 2 9
"238" 889 4 2
"239" 889 6 5
"240" 889 7 3
"241" 889 9 4
"242" 889 10 4
"243" 23 1 1
"244" 23 3 3
"245" 23 4 26
"246" 23 8 1
"247" 23 10 1
"248" 476 1 11
"249" 476 2 4
"250" 476 3 1
"251" 476 4 3
"252" 476 5 3
"253" 476 7 5
"254" 476 9 2
"255" 476 10 3
"256" 112 2 1
"257" 112 3 3
"258" 112 4 24
"259" 112 5 1
"260" 112 6 1
"261" 112 7 1
"262" 112 8 1
"263" 264 1 16
"264" 264 2 4
"265" 264 5 4
"266" 264 6 3
"267" 264 7 5
"268" 343 1 7
"269" 343 2 9
"270" 343 3 2
"271" 343 4 2
"272" 343 7 4
"273" 343 8 1
"274" 343 9 5
"275" 343 10 2
"276" 776 1 5
"277" 776 2 4
"278" 776 4 4
"279" 776 5 4
"280" 776 6 5
"281" 776 7 1
"282" 776 8 1
"283" 776 9 4
"284" 776 10 4
"285" 134 1 4
"286" 134 2 11
"287" 134 3 1
"288" 134 4 3
"289" 134 5 3
"290" 134 7 3
"291" 134 9 6
"292" 134 10 1
"293" 485 1 9
"294" 485 2 6
"295" 485 3 3
"296" 485 4 1
"297" 485 5 4
"298" 485 6 2
"299" 485 7 4
"300" 485 8 2
"301" 485 9 1
"302" 386 2 2
"303" 386 3 2
"304" 386 4 3
"305" 386 6 8
"306" 386 7 2
"307" 386 8 8
"308" 386 9 2
"309" 386 10 5
"310" 602 1 3
"311" 602 2 4
"312" 602 3 4
"313" 602 4 6
"314" 602 6 2
"315" 602 7 7
"316" 602 8 1
"317" 602 9 5
"318" 569 2 6
"319" 569 3 1
"320" 569 6 2
"321" 569 7 5
"322" 569 8 1
"323" 569 9 8
"324" 569 10 9
"325" 253 2 3
"326" 253 3 2
"327" 253 5 2
"328" 253 6 3
"329" 253 7 2
"330" 253 8 1
"331" 253 9 13
"332" 253 10 6
"333" 435 1 6
"334" 435 2 5
"335" 435 4 2
"336" 435 5 3
"337" 435 6 2
"338" 435 7 5
"339" 435 9 5
"340" 435 10 4
"341" 328 2 15
"342" 328 3 3
"343" 328 4 1
"344" 328 6 1
"345" 328 7 8
"346" 328 9 4
"347" 450 1 2
"348" 450 2 2
"349" 450 3 2
"350" 450 4 2
"351" 450 5 1
"352" 450 6 10
"353" 450 8 1
"354" 450 9 8
"355" 450 10 4
"356" 554 1 9
"357" 554 2 7
"358" 554 3 2
"359" 554 4 2
"360" 554 5 4
"361" 554 6 2
"362" 554 7 3
"363" 554 9 2
"364" 554 10 1
"365" 755 1 1
"366" 755 2 6
"367" 755 3 5
"368" 755 4 2
"369" 755 5 1
"370" 755 6 3
"371" 755 7 5
"372" 755 8 1
"373" 755 9 6
"374" 755 10 2
"375" 624 1 1
"376" 624 2 2
"377" 624 3 1
"378" 624 4 1
"379" 624 5 9
"380" 624 6 7
"381" 624 7 1
"382" 624 8 1
"383" 624 9 6
"384" 624 10 3
"385" 651 1 6
"386" 651 2 6
"387" 651 3 2
"388" 651 4 2
"389" 651 7 12
"390" 651 8 1
"391" 651 9 2
"392" 651 10 1
"393" 484 1 2
"394" 484 2 1
"395" 484 3 4
"396" 484 4 19
"397" 484 6 2
"398" 484 8 3
"399" 484 9 1
"400" 659 1 5
"401" 659 2 1
"402" 659 4 16
"403" 659 5 2
"404" 659 6 4
"405" 659 7 1
"406" 659 8 1
"407" 659 9 2
"408" 735 1 3
"409" 735 2 9
"410" 735 3 2
"411" 735 4 2
"412" 735 5 1
"413" 735 7 8
"414" 735 9 6
"415" 735 10 1
"416" 265 1 1
"417" 265 3 3
"418" 265 4 2
"419" 265 6 16
"420" 265 7 1
"421" 265 8 1
"422" 265 9 3
"423" 265 10 5
"424" 398 1 1
"425" 398 2 1
"426" 398 3 2
"427" 398 4 14
"428" 398 5 2
"429" 398 6 3
"430" 398 8 5
"431" 398 9 1
"432" 398 10 3
"433" 845 1 1
"434" 845 2 17
"435" 845 3 3
"436" 845 5 1
"437" 845 6 3
"438" 845 7 5
"439" 845 8 1
"440" 845 9 1
"441" 320 2 3
"442" 320 3 1
"443" 320 4 6
"444" 320 5 1
"445" 320 6 4
"446" 320 7 1
"447" 320 8 2
"448" 320 9 9
"449" 320 10 5
"450" 758 3 1
"451" 758 4 13
"452" 758 6 7
"453" 758 7 2
"454" 758 8 1
"455" 758 9 6
"456" 758 10 2
"457" 249 2 1
"458" 249 3 4
"459" 249 4 8
"460" 249 5 1
"461" 249 6 5
"462" 249 7 1
"463" 249 8 7
"464" 249 9 2
"465" 249 10 3
"466" 771 2 2
"467" 771 3 2
"468" 771 4 20
"469" 771 5 1
"470" 771 9 5
"471" 771 10 2
"472" 747 2 2
"473" 747 3 2
"474" 747 6 8
"475" 747 8 4
"476" 747 9 10
"477" 747 10 6
